%YAML:1.0
kmeans_result: !!opencv-matrix
   rows: 100
   cols: 128
   dt: f
   data: [ 8., 39., 26., 26., 18., 0., 2., 0., 4., 41., 32., 0., 3., 0.,
       1., 8., 1., 0., 0., 64., 0., 0., 1., 61., 0., 0., 29., 52., 1.,
       1., 0., 1., 0., 34., 0., 25., 65., 3., 2., 0., 35., 52., 28., 5.,
       65., 6., 2., 4., 20., 0., 35., 25., 22., 29., 6., 12., 0., 0.,
       38., 1., 11., 6., 60., 0., 0., 1., 2., 15., 5., 41., 6., 3., 0.,
       2., 0., 0., 62., 10., 1., 64., 0., 12., 0., 0., 0., 1., 47., 2.,
       1., 0., 21., 0., 36., 1., 1., 0., 2., 24., 5., 8., 6., 2., 0.,
       12., 9., 13., 14., 0., 5., 0., 0., 25., 14., 7., 16., 14., 0., 3.,
       0., 0., 3., 8., 0., 8., 0., 4., 2., 21., 0., 0., 0., 1., 1., 0.,
       0., 1., 4., 3., 1., 4., 1., 0., 0., 3., 25., 4., 10., 26., 2., 0.,
       65., 4., 0., 4., 2., 11., 55., 46., 0., 0., 0., 19., 0., 24., 1.,
       43., 0., 23., 0., 32., 0., 0., 0., 7., 5., 0., 11., 8., 27., 0.,
       14., 0., 56., 1., 31., 4., 62., 5., 17., 22., 20., 10., 2., 0.,
       16., 1., 1., 0., 0., 4., 23., 7., 7., 43., 0., 0., 13., 8., 42.,
       12., 17., 3., 0., 37., 19., 11., 31., 24., 0., 13., 29., 3., 1.,
       0., 42., 12., 0., 58., 0., 0., 14., 2., 0., 7., 4., 12., 3., 1.,
       19., 22., 3., 35., 0., 9., 2., 1., 15., 26., 54., 28., 25., 3.,
       15., 59., 1., 15., 32., 5., 0., 10., 3., 0., 18., 13., 3., 3., 0.,
       0., 0., 0., 1., 0., 0., 5., 4., 6., 6., 3., 1., 57., 4., 5., 23.,
       0., 1., 20., 33., 64., 3., 18., 0., 0., 1., 12., 1., 2., 66., 0.,
       26., 0., 0., 1., 10., 0., 20., 32., 47., 0., 1., 0., 12., 10.,
       13., 0., 64., 43., 25., 9., 8., 0., 5., 10., 2., 6., 27., 1., 4.,
       7., 53., 34., 3., 2., 1., 1., 0., 0., 5., 41., 4., 2., 27., 0.,
       30., 3., 0., 0., 7., 0., 2., 0., 25., 0., 0., 0., 25., 0., 0., 1.,
       0., 20., 13., 19., 64., 13., 1., 4., 32., 14., 64., 3., 42., 0.,
       0., 41., 5., 4., 0., 0., 9., 0., 2., 16., 26., 1., 0., 0., 13.,
       50., 15., 12., 4., 0., 3., 13., 0., 17., 15., 0., 59., 1., 1.,
       16., 26., 1., 25., 33., 22., 0., 0., 12., 22., 52., 0., 15., 15.,
       3., 9., 1., 0., 0., 0., 18., 0., 13., 4., 12., 57., 18., 18., 45.,
       6., 10., 9., 0., 0., 0., 0., 5., 0., 0., 62., 0., 1., 60., 3., 0.,
       3., 0., 2., 0., 1., 0., 1., 1., 0., 12., 6., 4., 19., 51., 17.,
       7., 2., 18., 4., 5., 4., 0., 1., 0., 6., 21., 1., 65., 0., 40.,
       49., 15., 1., 6., 0., 0., 0., 57., 0., 43., 11., 0., 14., 2., 14.,
       52., 0., 4., 1., 0., 2., 13., 16., 5., 15., 0., 0., 5., 0., 22.,
       24., 2., 1., 0., 21., 14., 1., 37., 24., 3., 15., 7., 0., 4., 22.,
       21., 5., 15., 3., 2., 16., 7., 9., 22., 5., 3., 31., 4., 0., 1.,
       17., 0., 10., 18., 28., 9., 33., 6., 26., 16., 32., 8., 20., 23.,
       5., 65., 28., 0., 11., 53., 3., 11., 15., 17., 0., 15., 14., 24.,
       0., 69., 51., 4., 0., 56., 11., 15., 13., 28., 33., 4., 20., 7.,
       8., 5., 11., 0., 23., 11., 2., 16., 12., 0., 8., 0., 19., 0., 51.,
       2., 35., 7., 0., 46., 2., 14., 0., 23., 10., 13., 1., 0., 0., 21.,
       16., 22., 6., 44., 25., 0., 1., 44., 9., 19., 5., 0., 0., 0., 6.,
       24., 15., 0., 0., 2., 0., 3., 0., 9., 26., 15., 3., 8., 4., 2.,
       2., 25., 66., 18., 0., 0., 0., 2., 0., 0., 58., 5., 41., 0., 14.,
       14., 6., 32., 2., 4., 4., 10., 0., 0., 2., 2., 3., 21., 9., 0.,
       0., 0., 66., 0., 4., 0., 0., 0., 0., 0., 12., 53., 0., 35., 18.,
       12., 0., 1., 0., 0., 18., 3., 1., 3., 3., 0., 16., 0., 3., 0., 0.,
       5., 0., 1., 36., 1., 4., 3., 6., 1., 5., 3., 5., 11., 1., 14., 3.,
       7., 3., 20., 1., 6., 0., 22., 16., 0., 2., 2., 0., 27., 14., 0.,
       0., 46., 1., 17., 2., 1., 3., 24., 5., 16., 13., 33., 64., 68.,
       0., 7., 12., 1., 0., 17., 2., 0., 0., 2., 1., 3., 14., 1., 34.,
       11., 33., 3., 65., 2., 2., 7., 5., 26., 16., 0., 11., 2., 62., 0.,
       17., 56., 1., 0., 0., 0., 0., 3., 11., 55., 0., 6., 0., 0., 13.,
       0., 0., 2., 15., 25., 13., 0., 11., 33., 11., 58., 21., 0., 26.,
       0., 0., 13., 0., 0., 8., 2., 23., 0., 0., 63., 6., 31., 4., 4.,
       15., 10., 64., 7., 0., 9., 13., 61., 0., 27., 0., 0., 45., 0., 0.,
       0., 2., 0., 30., 0., 2., 1., 7., 23., 0., 2., 24., 0., 0., 3., 0.,
       16., 0., 7., 9., 0., 18., 7., 0., 53., 2., 0., 14., 27., 0., 4.,
       0., 0., 15., 0., 0., 0., 17., 0., 39., 11., 14., 6., 8., 39., 23.,
       3., 2., 56., 4., 1., 1., 12., 10., 1., 12., 3., 26., 11., 3., 0.,
       14., 9., 0., 1., 23., 0., 0., 42., 6., 29., 0., 10., 30., 0., 9.,
       4., 3., 23., 0., 39., 3., 0., 29., 21., 0., 13., 1., 18., 12., 1.,
       4., 0., 25., 12., 0., 68., 0., 2., 34., 0., 9., 1., 6., 8., 4.,
       22., 1., 17., 6., 0., 14., 16., 0., 1., 15., 2., 3., 16., 9., 10.,
       6., 15., 1., 11., 13., 6., 20., 16., 30., 0., 20., 6., 21., 9.,
       5., 8., 40., 2., 13., 13., 5., 5., 1., 1., 0., 0., 67., 16., 3.,
       4., 63., 16., 17., 68., 0., 10., 3., 9., 2., 41., 0., 18., 12.,
       54., 25., 30., 1., 14., 1., 5., 0., 18., 13., 11., 16., 14., 32.,
       3., 13., 0., 42., 22., 15., 2., 5., 5., 15., 6., 10., 6., 26., 0.,
       0., 6., 47., 57., 2., 6., 5., 0., 2., 5., 4., 16., 18., 25., 1.,
       1., 0., 8., 0., 5., 52., 1., 24., 10., 0., 40., 23., 0., 0., 1.,
       0., 9., 1., 2., 0., 25., 19., 18., 45., 6., 17., 14., 0., 1., 9.,
       0., 6., 10., 0., 15., 0., 15., 6., 19., 67., 0., 2., 11., 36., 1.,
       27., 4., 1., 15., 0., 10., 0., 19., 0., 0., 13., 36., 0., 3., 19.,
       2., 0., 42., 2., 15., 0., 27., 1., 18., 1., 17., 60., 2., 0., 0.,
       22., 0., 3., 36., 5., 0., 44., 0., 60., 4., 23., 0., 21., 1., 13.,
       0., 8., 16., 0., 9., 0., 0., 1., 18., 14., 7., 40., 6., 52., 0.,
       1., 0., 8., 0., 0., 2., 7., 4.35000000e+001, 3., 7.,
       3.50000000e+000, 0., 0., 0., 3., 2.85000000e+001, 13.,
       3.05000000e+001, 0., 21., 2.45000000e+001, 5.00000000e-001,
       9.50000000e+000, 13., 1., 22., 1., 4.50000000e+000, 7., 0.,
       1.45000000e+001, 0., 14., 15., 5., 7.50000000e+000, 0., 0.,
       3.05000000e+001, 5.00000000e-001, 11., 2., 10., 1.75000000e+001,
       5.00000000e-001, 3.55000000e+001, 3., 8.50000000e+000, 0.,
       2.05000000e+001, 15., 0., 3.50000000e+000, 0., 1., 9., 12.,
       1.15000000e+001, 15., 2., 1., 2.95000000e+001, 9.,
       1.05000000e+001, 6.50000000e+000, 5.00000000e-001, 10., 0., 2.,
       0., 3.95000000e+001, 32., 1.15000000e+001, 5., 6., 4., 20.,
       4.65000000e+001, 6.50000000e+000, 31., 32., 13., 6.,
       1.85000000e+001, 7.50000000e+000, 4.50000000e+000,
       5.00000000e-001, 7., 1.50000000e+000, 1.50000000e+000, 0., 15.,
       6., 30., 30., 17., 9.50000000e+000, 4.50000000e+000, 12., 3., 21.,
       2., 7., 0., 7., 2.50000000e+000, 1.85000000e+001, 0.,
       3.65000000e+001, 0., 5.00000000e-001, 1.75000000e+001, 21., 1.,
       0., 7.50000000e+000, 0., 9.50000000e+000, 1.50000000e+000, 1.,
       3.85000000e+001, 6.50000000e+000, 2.05000000e+001,
       8.50000000e+000, 14., 5.00000000e-001, 8.50000000e+000, 9., 21.,
       14., 15., 30., 1., 1., 40., 0., 18., 8., 10., 0., 0., 9., 44., 0.,
       23., 1., 30., 3., 20., 20., 0., 68., 1., 4., 20., 0., 0., 30.,
       10., 40., 0., 21., 0., 0., 0., 26., 6., 2., 22., 6., 0., 15., 0.,
       13., 20., 7., 0., 10., 1., 1., 0., 14., 0., 15., 18., 5., 3., 6.,
       7., 3., 0., 22., 14., 1., 9., 0., 6., 66., 21., 0., 1., 1., 2.,
       6., 7., 2., 0., 11., 3., 11., 69., 1., 1., 5., 0., 0., 7., 0.,
       14., 21., 9., 2., 10., 25., 29., 0., 13., 46., 14., 25., 18., 5.,
       10., 7., 0., 10., 17., 7., 3., 1., 2., 0., 8., 0., 4., 12., 1.,
       1., 1., 20., 1., 5., 10., 68., 1., 5., 16., 63., 21., 17., 15.,
       4., 5., 0., 12., 0., 0., 0., 8., 4., 9., 20., 5., 14., 20., 65.,
       0., 0., 5., 0., 1., 47., 3., 14., 1., 33., 24., 9., 0., 2., 23.,
       23., 60., 2., 0., 14., 0., 0., 20., 0., 27., 0., 0., 48., 0., 41.,
       8., 29., 8., 0., 3., 0., 5., 23., 0., 0., 39., 10., 43., 0., 0.,
       24., 6., 0., 0., 0., 25., 0., 13., 0., 0., 2., 2., 0., 19., 14.,
